Original Matrix
   1.0e+05 *

  Columns 1 through 8

                   0                   0                   0   0.002153971054506                   0   0.000045346759042   0.110759458960666   0.030792656250000
                   0                   0                   0   0.000558396538329                   0                   0   0.037275418041073   0.030683641304348
                   0   0.000079614236892                   0   0.005612803700903                   0   0.000199035592231   0.258149163123095   0.030371971153846
   0.000037057624313   0.000111172872938   0.000037057624313   0.003038725193644                   0   0.000148230497251   0.130035203713360   0.030636600000000
                   0   0.000090341769604                   0   0.000993759465643                   0   0.000070265820803   0.042380327918634   0.031172129629630

  Columns 9 through 11

   7.060902173913040   0.544890000000000   0.000022673379521
   7.039397727272730   1.195000000000000                   0
   6.911960000000000   0.427690000000000   0.000199035592231
   7.020843750000000   0.519260000000000   0.001259959226633
   7.287759615384620   0.920420000000000   0.000200759488009

Percentile Ranked Matrix
  Columns 1 through 8

   0.331944444444444   0.282870370370370   0.476157407407407   0.633333333333333   0.458333333333333   0.335185185185185   0.518518518518518   0.564351851851852
   0.331944444444444   0.282870370370370   0.476157407407407   0.551851851851852   0.458333333333333   0.139120370370370   0.136574074074074   0.559259259259259
   0.331944444444444   0.695833333333333   0.476157407407407   0.790740740740741   0.458333333333333   0.612037037037037   0.887962962962963   0.541666666666667
   0.779166666666667   0.733796296296296   0.976851851851852   0.679629629629630   0.458333333333333   0.525925925925926   0.600000000000000   0.558333333333333
   0.331944444444444   0.707870370370370   0.476157407407407   0.568055555555556   0.458333333333333   0.376851851851852   0.151851851851852   0.602777777777778

  Columns 9 through 11

   0.566666666666667   0.438425925925926   0.241203703703704
   0.563425925925926   0.898611111111111   0.094444444444444
   0.540740740740741   0.289351851851852   0.523611111111111
   0.560185185185185   0.410648148148148   0.860648148148148
   0.610648148148148   0.768055555555556   0.525462962962963

      CoffeeDensity      RestaurantDensity      ShelterDensity        CrimeDensity        HousingDensity        BusStopDensity      GenPop2015Density           ZRI                 ZHVI           MedHouseholdIncome    HomelessPopDensity
    _________________    __________________    _________________    _________________    _________________    __________________    _________________    _________________    _________________    __________________    __________________

    0.216709120447318     0.346630981891459    0.203153142609618    0.370314172876618     0.24399837785549     0.402743112910203    0.420092251912671    0.223711278244593    0.218517161617524                    0       0.39808180576042
    0.184344915198792     0.240425742939535    0.165852176408589    0.233022450775973    0.152309547777118    0.0994776971130678                    0    0.516831449315006    0.514151207950437    0.510736680512047     0.0315250434070857
    0.449036191842919    0.0404975095136909    0.462298933941238                    0      0.3855993405958     0.121419284052819    0.225535207705398                    0                    0    0.559317364586586      0.236378102971861

>> 